(29075) 1950 DA
-logy
0 (number)
0s BC
0s
1 (number)
1 (The Beatles album)
1 BC
1 centimetre
1 decametre
1 decimetre
1 E+1 m³
1 E+10 m³
1 E+11 m³
1 E+2 m³
1 E+27 m³
1 E+3 m³
1 E+4 m³
1 E+5 m³
1 E+6 m³
1 E+7 m³
1 E+8 m³
1 E+9 m³
1 E-1 m³
1 E-2 m³
1 E-3 m³
1 E-4 m³
1 E-5 m³
1 exametre
1 gigametre
1 hectometre
1 kilometre
1 megametre
1 metre
1 micrometre
1 millimetre
1 myriametre
1 petametre
1 terametre
1 yottametre
1 zettametre
1,000 Hours
1
10 BC
10 exametres
10 gigametres
10 megametres
10 micrometres
10 nanometres
10 petametres
10 picometres
10 terametres
10 yottametres
10 zettametres
10, 9, 8, 7, 6, 5, 4, 3, 2, 1
10,000 Maniacs
10
100 BC
100 Club Punk Special
100 exametres
100 gigametres
100 kilometres
100 megametres
100 micrometres
100 nanometres
100 petametres
100 picometres
100 terametres
100 zettametres
100-year flood
100
1000
1000s (decade)
1000s BC (decade)
1001
1002
1003
1004
1005
1006
1007
1008
1009
100BaseVG
101 BC
101 Dalmatians (1996 film)
101
1010
1011
1012
1013
1014
1015
1016
1017
1018
1019
101st Airborne Division
102 BC
102
1020
1021
1022
1023
1024
1025
1026
1027
1028
103 BC
103
1030
1031
1032
1033
1034
1035
1036
1037
1038
104 BC
104
1040
1041
1042
1043
1044
1045
1046
1047
1048
1049
105 BC
105
1050
1050s BC
1051
1052
1053
1054
1055
1056
1057
1058
1059
106 BC
106
1060
1060s BC
1061
1062
1063
1064
1065
1066 and All That
1066
1067
1069
107 BC
107
1070
1071
1072
1073
1074
1075
1076
1077
1078
1079
108 BC
108
1080
1080s BC
1081
1082
1083
1084
1085
1086
1087
1088
1089
109 BC
109
1090
1091
1092
1093
1094
1095
1096
1097
1098
1099
10BASE2
10BASE5
10th century BC
10th century
10th millennium BC
11 BC
11
110 BC
110 film
110
1100
1101
1102
1103
1104
1105
1106
1107
1108
1109
111 BC
111
1110
1111
1112
1113
1114
1115
1116
1117
1118
1119
112 BC
112
1120
1121
1122
1123
1124
1125
1126
1127
1128
1129
113 BC
113
1130
1131
1132
1133
1134
1135
1136
1137
1138
1139
114 BC
114
1140
1141
1142
1143
1144
1145
1146
1147
1148
1149
115 BC
115
1150
1151
1152
1153
1154
1155
1156
1157
1158
1159
116 BC
116
1160
1161
1162
1163
1164
1165
1166
1167
1168
1169
117 BC
117
1170
1170s BC
1171
1172
1173
1174
1175
1176
1177
1178
1179
118 BC
118
1180
1180s BC
1181
1182
1183
1184
1185
1186
1187
1188
1189
119 BC
119
1190
1190s BC
1191
1192
1193
1194
1195
1196
1197
1198
1199
11th century BC
11th century
12 Angry Men (1957 film)
12 BC
12 Monkeys
12 Songs (Randy Newman album)
12
120 BC
120 film
120
1200
1201
1202
1203
1204
1205
1206
1207
1208
1209
121 BC
121
1210
1210s BC
1211
1212
1213
1214
1215
1216
1217
1218
1219
122 BC
1220
1221
1222
1223
1224
1225
1226
1227
1228
1229
123 BC
123
1230
1231
1232
1233
1234
1235
1236
1237
1238
1239
124 BC
124
1240
1241
1242
1243
1244
1245
1246
1247
1248
1249
125 BC
125
1250
1250s BC
1250s
1251
1252
1253
1254
1255
1256
1257
1258
1259
126 BC
126 film
126
1260
1260s
1261
1262
1263
1264
1265
1266
1267
1268
1269
127 BC
127 film
127
1270
1270s
1271
1272
1273
1274
1275
1276
1277
1278
1279
128 BC
128
1280
1280s
1281
1282
1283
1284
1285
1286
1287
1288
1289
129 BC
129
1290
1291
1292
1293
1294
1295
1296
1297
1298
1299
12th century BC
12th century
13 (number)
13 BC
13
130
1300
1301
1302
1303
1304
1305
1306
1307
1308
1309
130s BC
131 BC
131
1310
1311
1312
1313
1314
1315
1316
1317
1318
1319
132 BC
132
1320
1321
1322
1323
